        p           t         gam         rho          mw
   2.1374E+01  3.0021E+03  1.2091E+00  2.0503E+00  2.3945E+01
   1.1945E+01  2.7181E+03  1.2271E+00  1.2716E+00  2.4058E+01
   2.2063E+01  3.0034E+03  1.2095E+00  2.1158E+00  2.3947E+01
   1.2329E+01  2.7186E+03  1.2275E+00  1.3123E+00  2.4059E+01
   2.2753E+01  3.0046E+03  1.2099E+00  2.1812E+00  2.3949E+01
   1.2713E+01  2.7191E+03  1.2279E+00  1.3529E+00  2.4060E+01
   2.3442E+01  3.0058E+03  1.2103E+00  2.2466E+00  2.3952E+01
   1.3096E+01  2.7196E+03  1.2282E+00  1.3936E+00  2.4062E+01
   2.4132E+01  3.0070E+03  1.2107E+00  2.3121E+00  2.3954E+01
   1.3480E+01  2.7201E+03  1.2286E+00  1.4342E+00  2.4063E+01
   2.4821E+01  3.0081E+03  1.2111E+00  2.3775E+00  2.3956E+01
   1.3864E+01  2.7206E+03  1.2289E+00  1.4749E+00  2.4064E+01
   2.5511E+01  3.0091E+03  1.2114E+00  2.4428E+00  2.3958E+01
   1.4247E+01  2.7210E+03  1.2292E+00  1.5155E+00  2.4065E+01
   2.6200E+01  3.0102E+03  1.2118E+00  2.5082E+00  2.3960E+01
   1.4631E+01  2.7214E+03  1.2295E+00  1.5561E+00  2.4066E+01
   2.6889E+01  3.0112E+03  1.2121E+00  2.5736E+00  2.3962E+01
   1.5015E+01  2.7218E+03  1.2298E+00  1.5968E+00  2.4067E+01
   2.7579E+01  3.0121E+03  1.2125E+00  2.6389E+00  2.3964E+01
   1.5398E+01  2.7222E+03  1.2301E+00  1.6374E+00  2.4068E+01
   2.1374E+01  3.0725E+03  1.1977E+00  2.0347E+00  2.4319E+01
   1.1993E+01  2.7997E+03  1.2154E+00  1.2602E+00  2.4461E+01
   2.2063E+01  3.0741E+03  1.1981E+00  2.0996E+00  2.4323E+01
   1.2378E+01  2.8004E+03  1.2158E+00  1.3005E+00  2.4463E+01
   2.2753E+01  3.0756E+03  1.1985E+00  2.1644E+00  2.4326E+01
   1.2763E+01  2.8012E+03  1.2162E+00  1.3407E+00  2.4464E+01
   2.3442E+01  3.0771E+03  1.1990E+00  2.2291E+00  2.4328E+01
   1.3148E+01  2.8018E+03  1.2166E+00  1.3809E+00  2.4466E+01
   2.4132E+01  3.0785E+03  1.1994E+00  2.2939E+00  2.4331E+01
   1.3533E+01  2.8025E+03  1.2170E+00  1.4211E+00  2.4468E+01
   2.4821E+01  3.0799E+03  1.1998E+00  2.3587E+00  2.4334E+01
   1.3918E+01  2.8031E+03  1.2173E+00  1.4612E+00  2.4469E+01
   2.5511E+01  3.0812E+03  1.2001E+00  2.4234E+00  2.4337E+01
   1.4303E+01  2.8037E+03  1.2177E+00  1.5014E+00  2.4471E+01
   2.6200E+01  3.0825E+03  1.2005E+00  2.4881E+00  2.4339E+01
   1.4688E+01  2.8043E+03  1.2180E+00  1.5416E+00  2.4472E+01
   2.6889E+01  3.0837E+03  1.2009E+00  2.5528E+00  2.4341E+01
   1.5073E+01  2.8049E+03  1.2184E+00  1.5818E+00  2.4474E+01
   2.7579E+01  3.0849E+03  1.2012E+00  2.6175E+00  2.4344E+01
   1.5458E+01  2.8054E+03  1.2187E+00  1.6219E+00  2.4475E+01
   2.1374E+01  3.1308E+03  1.1871E+00  2.0251E+00  2.4663E+01
   1.2043E+01  2.8710E+03  1.2034E+00  1.2528E+00  2.4834E+01
   2.2063E+01  3.1326E+03  1.1875E+00  2.0894E+00  2.4667E+01
   1.2429E+01  2.8720E+03  1.2039E+00  1.2927E+00  2.4836E+01
   2.2753E+01  3.1345E+03  1.1879E+00  2.1538E+00  2.4670E+01
   1.2816E+01  2.8730E+03  1.2043E+00  1.3326E+00  2.4838E+01
   2.3442E+01  3.1362E+03  1.1883E+00  2.2181E+00  2.4674E+01
   1.3202E+01  2.8739E+03  1.2047E+00  1.3725E+00  2.4841E+01
   2.4132E+01  3.1379E+03  1.1887E+00  2.2824E+00  2.4677E+01
   1.3588E+01  2.8748E+03  1.2052E+00  1.4123E+00  2.4843E+01
   2.4821E+01  3.1396E+03  1.1891E+00  2.3467E+00  2.4680E+01
   1.3975E+01  2.8756E+03  1.2056E+00  1.4522E+00  2.4845E+01
   2.5511E+01  3.1412E+03  1.1895E+00  2.4110E+00  2.4683E+01
   1.4361E+01  2.8764E+03  1.2059E+00  1.4920E+00  2.4847E+01
   2.6200E+01  3.1427E+03  1.1898E+00  2.4753E+00  2.4686E+01
   1.4747E+01  2.8772E+03  1.2063E+00  1.5318E+00  2.4849E+01
   2.6889E+01  3.1442E+03  1.1902E+00  2.5395E+00  2.4689E+01
   1.5133E+01  2.8779E+03  1.2067E+00  1.5717E+00  2.4851E+01
   2.7579E+01  3.1456E+03  1.1905E+00  2.6037E+00  2.4692E+01
   1.5520E+01  2.8787E+03  1.2070E+00  1.6115E+00  2.4852E+01
   2.1374E+01  3.1777E+03  1.1776E+00  2.0204E+00  2.4976E+01
   1.2093E+01  2.9319E+03  1.1916E+00  1.2489E+00  2.5176E+01
   2.2063E+01  3.1799E+03  1.1780E+00  2.0846E+00  2.4980E+01
   1.2481E+01  2.9332E+03  1.1921E+00  1.2886E+00  2.5179E+01
   2.2753E+01  3.1820E+03  1.1784E+00  2.1486E+00  2.4984E+01
   1.2869E+01  2.9344E+03  1.1926E+00  1.3282E+00  2.5182E+01
   2.3442E+01  3.1840E+03  1.1788E+00  2.2127E+00  2.4989E+01
   1.3257E+01  2.9355E+03  1.1930E+00  1.3679E+00  2.5185E+01
   2.4132E+01  3.1860E+03  1.1792E+00  2.2767E+00  2.4992E+01
   1.3644E+01  2.9367E+03  1.1934E+00  1.4075E+00  2.5188E+01
   2.4821E+01  3.1879E+03  1.1795E+00  2.3407E+00  2.4996E+01
   1.4032E+01  2.9377E+03  1.1938E+00  1.4471E+00  2.5190E+01
   2.5511E+01  3.1898E+03  1.1799E+00  2.4047E+00  2.5000E+01
   1.4420E+01  2.9388E+03  1.1942E+00  1.4868E+00  2.5193E+01
   2.6200E+01  3.1915E+03  1.1802E+00  2.4687E+00  2.5003E+01
   1.4808E+01  2.9398E+03  1.1946E+00  1.5264E+00  2.5195E+01
   2.6889E+01  3.1933E+03  1.1806E+00  2.5326E+00  2.5007E+01
   1.5195E+01  2.9407E+03  1.1950E+00  1.5659E+00  2.5198E+01
   2.7579E+01  3.1949E+03  1.1809E+00  2.5965E+00  2.5010E+01
   1.5583E+01  2.9417E+03  1.1954E+00  1.6055E+00  2.5200E+01
   2.1374E+01  3.2145E+03  1.1696E+00  2.0201E+00  2.5260E+01
   1.2140E+01  2.9823E+03  1.1806E+00  1.2480E+00  2.5489E+01
   2.2063E+01  3.2170E+03  1.1700E+00  2.0841E+00  2.5265E+01
   1.2530E+01  2.9838E+03  1.1810E+00  1.2875E+00  2.5493E+01
   2.2753E+01  3.2193E+03  1.1703E+00  2.1480E+00  2.5270E+01
   1.2919E+01  2.9853E+03  1.1815E+00  1.3271E+00  2.5496E+01
   2.3442E+01  3.2216E+03  1.1707E+00  2.2119E+00  2.5275E+01
   1.3309E+01  2.9867E+03  1.1819E+00  1.3666E+00  2.5500E+01
   2.4132E+01  3.2238E+03  1.1710E+00  2.2758E+00  2.5279E+01
   1.3698E+01  2.9881E+03  1.1823E+00  1.4061E+00  2.5503E+01
   2.4821E+01  3.2260E+03  1.1714E+00  2.3397E+00  2.5283E+01
   1.4088E+01  2.9894E+03  1.1827E+00  1.4456E+00  2.5506E+01
   2.5511E+01  3.2280E+03  1.1717E+00  2.4035E+00  2.5288E+01
   1.4477E+01  2.9907E+03  1.1831E+00  1.4851E+00  2.5509E+01
   2.6200E+01  3.2300E+03  1.1720E+00  2.4674E+00  2.5292E+01
   1.4866E+01  2.9919E+03  1.1835E+00  1.5246E+00  2.5512E+01
   2.6889E+01  3.2320E+03  1.1723E+00  2.5312E+00  2.5296E+01
   1.5255E+01  2.9931E+03  1.1839E+00  1.5641E+00  2.5515E+01
   2.7579E+01  3.2339E+03  1.1726E+00  2.5949E+00  2.5299E+01
   1.5644E+01  2.9943E+03  1.1843E+00  1.6035E+00  2.5518E+01
   2.1374E+01  3.2425E+03  1.1631E+00  2.0231E+00  2.5518E+01
   1.2183E+01  3.0225E+03  1.1708E+00  1.2494E+00  2.5772E+01
   2.2063E+01  3.2452E+03  1.1634E+00  2.0871E+00  2.5524E+01
   1.2574E+01  3.0243E+03  1.1713E+00  1.2890E+00  2.5777E+01
   2.2753E+01  3.2478E+03  1.1637E+00  2.1510E+00  2.5529E+01
   1.2965E+01  3.0260E+03  1.1717E+00  1.3285E+00  2.5781E+01
   2.3442E+01  3.2503E+03  1.1640E+00  2.2150E+00  2.5534E+01
   1.3356E+01  3.0277E+03  1.1721E+00  1.3680E+00  2.5785E+01
   2.4132E+01  3.2527E+03  1.1644E+00  2.2789E+00  2.5539E+01
   1.3747E+01  3.0294E+03  1.1725E+00  1.4075E+00  2.5789E+01
   2.4821E+01  3.2550E+03  1.1647E+00  2.3427E+00  2.5544E+01
   1.4138E+01  3.0309E+03  1.1728E+00  1.4470E+00  2.5792E+01
   2.5511E+01  3.2573E+03  1.1649E+00  2.4065E+00  2.5549E+01
   1.4529E+01  3.0325E+03  1.1732E+00  1.4864E+00  2.5796E+01
   2.6200E+01  3.2595E+03  1.1652E+00  2.4703E+00  2.5553E+01
   1.4919E+01  3.0339E+03  1.1736E+00  1.5259E+00  2.5799E+01
   2.6889E+01  3.2617E+03  1.1655E+00  2.5341E+00  2.5558E+01
   1.5310E+01  3.0354E+03  1.1739E+00  1.5653E+00  2.5803E+01
   2.7579E+01  3.2637E+03  1.1658E+00  2.5979E+00  2.5562E+01
   1.5701E+01  3.0367E+03  1.1743E+00  1.6047E+00  2.5806E+01
   2.1374E+01  3.2631E+03  1.1579E+00  2.0288E+00  2.5753E+01
   1.2219E+01  3.0534E+03  1.1627E+00  1.2527E+00  2.6028E+01
   2.2063E+01  3.2660E+03  1.1582E+00  2.0929E+00  2.5759E+01
   1.2612E+01  3.0555E+03  1.1631E+00  1.2923E+00  2.6033E+01
   2.2753E+01  3.2688E+03  1.1585E+00  2.1569E+00  2.5765E+01
   1.3004E+01  3.0575E+03  1.1635E+00  1.3319E+00  2.6038E+01
   2.3442E+01  3.2714E+03  1.1588E+00  2.2209E+00  2.5770E+01
   1.3396E+01  3.0594E+03  1.1638E+00  1.3715E+00  2.6042E+01
   2.4132E+01  3.2740E+03  1.1591E+00  2.2849E+00  2.5776E+01
   1.3789E+01  3.0613E+03  1.1642E+00  1.4110E+00  2.6047E+01
   2.4821E+01  3.2766E+03  1.1593E+00  2.3489E+00  2.5781E+01
   1.4181E+01  3.0631E+03  1.1645E+00  1.4505E+00  2.6051E+01
   2.5511E+01  3.2790E+03  1.1596E+00  2.4128E+00  2.5786E+01
   1.4573E+01  3.0648E+03  1.1649E+00  1.4900E+00  2.6055E+01
   2.6200E+01  3.2814E+03  1.1598E+00  2.4767E+00  2.5791E+01
   1.4965E+01  3.0665E+03  1.1652E+00  1.5295E+00  2.6059E+01
   2.6889E+01  3.2837E+03  1.1601E+00  2.5405E+00  2.5795E+01
   1.5357E+01  3.0682E+03  1.1655E+00  1.5690E+00  2.6063E+01
   2.7579E+01  3.2859E+03  1.1603E+00  2.6044E+00  2.5800E+01
   1.5749E+01  3.0698E+03  1.1658E+00  1.6084E+00  2.6067E+01
   2.1374E+01  3.2778E+03  1.1539E+00  2.0365E+00  2.5967E+01
   1.2248E+01  3.0764E+03  1.1563E+00  1.2574E+00  2.6259E+01
   2.2063E+01  3.2808E+03  1.1542E+00  2.1007E+00  2.5973E+01
   1.2641E+01  3.0787E+03  1.1567E+00  1.2971E+00  2.6265E+01
   2.2753E+01  3.2837E+03  1.1545E+00  2.1650E+00  2.5979E+01
   1.3035E+01  3.0809E+03  1.1570E+00  1.3368E+00  2.6270E+01
   2.3442E+01  3.2865E+03  1.1547E+00  2.2292E+00  2.5985E+01
   1.3428E+01  3.0830E+03  1.1573E+00  1.3764E+00  2.6275E+01
   2.4132E+01  3.2893E+03  1.1550E+00  2.2933E+00  2.5991E+01
   1.3822E+01  3.0851E+03  1.1576E+00  1.4161E+00  2.6280E+01
   2.4821E+01  3.2919E+03  1.1552E+00  2.3575E+00  2.5996E+01
   1.4215E+01  3.0871E+03  1.1579E+00  1.4557E+00  2.6284E+01
   2.5511E+01  3.2945E+03  1.1554E+00  2.4215E+00  2.6002E+01
   1.4609E+01  3.0890E+03  1.1582E+00  1.4953E+00  2.6289E+01
   2.6200E+01  3.2970E+03  1.1557E+00  2.4856E+00  2.6007E+01
   1.5002E+01  3.0909E+03  1.1585E+00  1.5349E+00  2.6293E+01
   2.6889E+01  3.2994E+03  1.1559E+00  2.5496E+00  2.6012E+01
   1.5395E+01  3.0927E+03  1.1587E+00  1.5744E+00  2.6298E+01
   2.7579E+01  3.3018E+03  1.1561E+00  2.6136E+00  2.6017E+01
   1.5788E+01  3.0945E+03  1.1590E+00  1.6140E+00  2.6302E+01
   2.1374E+01  3.2877E+03  1.1509E+00  2.0456E+00  2.6162E+01
   1.2270E+01  3.0928E+03  1.1514E+00  1.2629E+00  2.6468E+01
   2.2063E+01  3.2908E+03  1.1511E+00  2.1101E+00  2.6169E+01
   1.2664E+01  3.0952E+03  1.1517E+00  1.3028E+00  2.6474E+01
   2.2753E+01  3.2938E+03  1.1514E+00  2.1746E+00  2.6175E+01
   1.3059E+01  3.0976E+03  1.1520E+00  1.3426E+00  2.6480E+01
   2.3442E+01  3.2967E+03  1.1516E+00  2.2390E+00  2.6181E+01
   1.3453E+01  3.0999E+03  1.1523E+00  1.3824E+00  2.6485E+01
   2.4132E+01  3.2996E+03  1.1518E+00  2.3034E+00  2.6187E+01
   1.3848E+01  3.1021E+03  1.1525E+00  1.4222E+00  2.6490E+01
   2.4821E+01  3.3023E+03  1.1520E+00  2.3678E+00  2.6193E+01
   1.4242E+01  3.1043E+03  1.1528E+00  1.4620E+00  2.6495E+01
   2.5511E+01  3.3050E+03  1.1523E+00  2.4321E+00  2.6199E+01
   1.4636E+01  3.1064E+03  1.1530E+00  1.5017E+00  2.6500E+01
   2.6200E+01  3.3076E+03  1.1525E+00  2.4964E+00  2.6204E+01
   1.5030E+01  3.1084E+03  1.1533E+00  1.5414E+00  2.6505E+01
   2.6889E+01  3.3101E+03  1.1527E+00  2.5607E+00  2.6209E+01
   1.5425E+01  3.1104E+03  1.1535E+00  1.5812E+00  2.6510E+01
   2.7579E+01  3.3126E+03  1.1529E+00  2.6249E+00  2.6215E+01
   1.5819E+01  3.1123E+03  1.1538E+00  1.6208E+00  2.6514E+01
   2.1374E+01  3.2938E+03  1.1486E+00  2.0558E+00  2.6341E+01
   1.2287E+01  3.1038E+03  1.1477E+00  1.2692E+00  2.6658E+01
   2.2063E+01  3.2970E+03  1.1488E+00  2.1206E+00  2.6348E+01
   1.2682E+01  3.1064E+03  1.1480E+00  1.3092E+00  2.6664E+01
   2.2753E+01  3.3001E+03  1.1490E+00  2.1854E+00  2.6354E+01
   1.3077E+01  3.1089E+03  1.1482E+00  1.3492E+00  2.6670E+01
   2.3442E+01  3.3031E+03  1.1492E+00  2.2501E+00  2.6361E+01
   1.3472E+01  3.1113E+03  1.1485E+00  1.3892E+00  2.6676E+01
   2.4132E+01  3.3060E+03  1.1495E+00  2.3148E+00  2.6367E+01
   1.3867E+01  3.1137E+03  1.1487E+00  1.4292E+00  2.6681E+01
   2.4821E+01  3.3088E+03  1.1497E+00  2.3794E+00  2.6373E+01
   1.4262E+01  3.1160E+03  1.1489E+00  1.4691E+00  2.6687E+01
   2.5511E+01  3.3116E+03  1.1498E+00  2.4440E+00  2.6379E+01
   1.4657E+01  3.1182E+03  1.1492E+00  1.5090E+00  2.6692E+01
   2.6200E+01  3.3142E+03  1.1500E+00  2.5086E+00  2.6385E+01
   1.5052E+01  3.1203E+03  1.1494E+00  1.5489E+00  2.6697E+01
   2.6889E+01  3.3168E+03  1.1502E+00  2.5732E+00  2.6390E+01
   1.5447E+01  3.1224E+03  1.1496E+00  1.5888E+00  2.6702E+01
   2.7579E+01  3.3194E+03  1.1504E+00  2.6377E+00  2.6396E+01
   1.5842E+01  3.1244E+03  1.1498E+00  1.6286E+00  2.6707E+01
   2.1374E+01  3.2968E+03  1.1469E+00  2.0668E+00  2.6506E+01
   1.2299E+01  3.1107E+03  1.1450E+00  1.2759E+00  2.6831E+01
   2.2063E+01  3.3001E+03  1.1471E+00  2.1319E+00  2.6513E+01
   1.2695E+01  3.1133E+03  1.1452E+00  1.3161E+00  2.6837E+01
   2.2753E+01  3.3032E+03  1.1473E+00  2.1970E+00  2.6520E+01
   1.3090E+01  3.1159E+03  1.1455E+00  1.3563E+00  2.6843E+01
   2.3442E+01  3.3063E+03  1.1475E+00  2.2620E+00  2.6526E+01
   1.3486E+01  3.1184E+03  1.1457E+00  1.3965E+00  2.6849E+01
   2.4132E+01  3.3093E+03  1.1477E+00  2.3270E+00  2.6533E+01
   1.3881E+01  3.1209E+03  1.1459E+00  1.4366E+00  2.6855E+01
   2.4821E+01  3.3121E+03  1.1478E+00  2.3920E+00  2.6539E+01
   1.4277E+01  3.1232E+03  1.1461E+00  1.4768E+00  2.6861E+01
   2.5511E+01  3.3149E+03  1.1480E+00  2.4569E+00  2.6545E+01
   1.4673E+01  3.1255E+03  1.1463E+00  1.5169E+00  2.6866E+01
   2.6200E+01  3.3177E+03  1.1482E+00  2.5218E+00  2.6551E+01
   1.5068E+01  3.1278E+03  1.1465E+00  1.5570E+00  2.6872E+01
   2.6889E+01  3.3203E+03  1.1484E+00  2.5866E+00  2.6557E+01
   1.5464E+01  3.1299E+03  1.1467E+00  1.5970E+00  2.6877E+01
   2.7579E+01  3.3229E+03  1.1485E+00  2.6515E+00  2.6562E+01
   1.5859E+01  3.1320E+03  1.1469E+00  1.6371E+00  2.6882E+01
   2.1374E+01  3.2975E+03  1.1456E+00  2.0782E+00  2.6658E+01
   1.2308E+01  3.1142E+03  1.1430E+00  1.2829E+00  2.6989E+01
   2.2063E+01  3.3008E+03  1.1458E+00  2.1437E+00  2.6665E+01
   1.2704E+01  3.1169E+03  1.1432E+00  1.3233E+00  2.6995E+01
   2.2753E+01  3.3040E+03  1.1459E+00  2.2091E+00  2.6672E+01
   1.3100E+01  3.1195E+03  1.1434E+00  1.3638E+00  2.7002E+01
   2.3442E+01  3.3071E+03  1.1461E+00  2.2745E+00  2.6679E+01
   1.3496E+01  3.1221E+03  1.1436E+00  1.4041E+00  2.7008E+01
   2.4132E+01  3.3101E+03  1.1463E+00  2.3399E+00  2.6686E+01
   1.3892E+01  3.1246E+03  1.1438E+00  1.4445E+00  2.7014E+01
   2.4821E+01  3.3130E+03  1.1465E+00  2.4052E+00  2.6692E+01
   1.4288E+01  3.1270E+03  1.1440E+00  1.4849E+00  2.7020E+01
   2.5511E+01  3.3158E+03  1.1467E+00  2.4704E+00  2.6698E+01
   1.4684E+01  3.1294E+03  1.1442E+00  1.5252E+00  2.7026E+01
   2.6200E+01  3.3186E+03  1.1468E+00  2.5357E+00  2.6704E+01
   1.5080E+01  3.1317E+03  1.1444E+00  1.5655E+00  2.7031E+01
   2.6889E+01  3.3213E+03  1.1470E+00  2.6008E+00  2.6710E+01
   1.5476E+01  3.1339E+03  1.1446E+00  1.6057E+00  2.7036E+01
   2.7579E+01  3.3239E+03  1.1471E+00  2.6660E+00  2.6716E+01
   1.5871E+01  3.1361E+03  1.1447E+00  1.6460E+00  2.7042E+01
   2.1374E+01  3.2963E+03  1.1446E+00  2.0900E+00  2.6800E+01
   1.2314E+01  3.1150E+03  1.1416E+00  1.2901E+00  2.7134E+01
   2.2063E+01  3.2996E+03  1.1448E+00  2.1558E+00  2.6807E+01
   1.2711E+01  3.1178E+03  1.1418E+00  1.3308E+00  2.7141E+01
   2.2753E+01  3.3028E+03  1.1450E+00  2.2216E+00  2.6814E+01
   1.3107E+01  3.1205E+03  1.1420E+00  1.3714E+00  2.7147E+01
   2.3442E+01  3.3059E+03  1.1451E+00  2.2874E+00  2.6821E+01
   1.3503E+01  3.1231E+03  1.1422E+00  1.4120E+00  2.7154E+01
   2.4132E+01  3.3089E+03  1.1453E+00  2.3531E+00  2.6827E+01
   1.3899E+01  3.1256E+03  1.1424E+00  1.4526E+00  2.7160E+01
   2.4821E+01  3.3119E+03  1.1455E+00  2.4188E+00  2.6834E+01
   1.4296E+01  3.1281E+03  1.1425E+00  1.4932E+00  2.7166E+01
   2.5511E+01  3.3147E+03  1.1457E+00  2.4844E+00  2.6840E+01
   1.4692E+01  3.1305E+03  1.1427E+00  1.5337E+00  2.7172E+01
   2.6200E+01  3.3175E+03  1.1458E+00  2.5500E+00  2.6846E+01
   1.5088E+01  3.1328E+03  1.1429E+00  1.5743E+00  2.7177E+01
   2.6889E+01  3.3202E+03  1.1460E+00  2.6155E+00  2.6852E+01
   1.5484E+01  3.1350E+03  1.1430E+00  1.6148E+00  2.7183E+01
   2.7579E+01  3.3228E+03  1.1461E+00  2.6810E+00  2.6858E+01
   1.5880E+01  3.1372E+03  1.1432E+00  1.6552E+00  2.7188E+01